1591980993064
1591980993131
1591980993216
1591980993303
1591980993394
1591980993490
1591980993577
1591980993661
1591980993745
1591980993824
1591980993914
1591980994011
1591980994510
1591980994593
1591980994678
1591980994761
1591980994845
1591980994928
1591980995008
1591980995092
1591980995177
1591980995258
1591980995342
1591980995424
1591980995504
1591980995587
1591980995675
1591980995760
1591980995844
1591980995924
1591980996005
1591980996088
1591980996169
1591980996249
1591980996330
1591980996412
1591980996493
1591980996572
1591980996648
1591980996731
1591980996815
1591980996896
1591980996979
1591980997061
1591980997142
1591980997226
1591980997308
1591980997392
1591980997474
1591980997560
1591980997645
1591980997726
1591980997812
1591980997896
1591980997977
1591980998058
1591980998141
1591980998222
1591980998305
1591980998390
1591980998471
1591980998553
1591980998637
1591980998719
1591980998800
1591980998879
1591980998964
1591980999049
1591980999136
1591980999217
1591980999295
1591980999375
1591980999455
1591980999542
1591980999626
1591980999707
1591980999793
1591980999877
1591980999957
1591981000036
1591981000119
1591981000201
1591981000278
1591981000358
1591981000445
1591981000527
1591981000607
1591981000687
1591981000770
1591981000855
1591981000934
1591981001015
1591981001096
1591981001177
1591981001259
1591981001343
1591981001423
1591981001504
1591981001586
1591981002164
1591981002234
1591981002318
1591981002397
1591981002486
1591981002584
1591981002669
1591981002754
1591981002847
1591981002934
1591981003022
1591981003110
1591981003184
1591981003282
1591981003365
1591981003462
1591981003548
1591981003634
1591981003725
1591981003825
1591981003919
1591981004011
1591981004103
1591981004185
1591981004279
1591981004365
1591981004449
1591981004545
1591981004623
1591981004712
1591981004801
1591981004892
1591981004978
1591981005067
1591981005159
1591981005244
1591981005326
1591981005402
1591981005492
1591981005580
1591981005658
1591981005739
1591981005818
1591981005907
1591981005989
1591981006065
1591981006146
1591981006230
1591981006311
1591981006399
1591981006490
1591981006566
1591981006651
1591981006732
1591981006816
1591981006897
1591981006981
1591981007060
1591981007143
1591981007226
1591981007304
1591981007388
1591981007473
1591981007551
1591981007629
1591981007707
1591981007791
1591981007868
1591981007945
1591981008027
1591981008108
1591981008186
1591981008265
1591981008346
1591981008422
1591981008502
1591981008583
1591981008665
1591981008744
1591981008823
1591981008901
1591981008983
1591981009061
1591981009141
1591981009225
1591981009300
1591981009374
1591981009457
1591981009533
1591981009610
1591981009690
1591981009767
1591981009847
1591981009923
1591981010004
1591981010087
1591981010166
1591981010242
1591981010326
1591981010407
1591981010490
1591981010576
1591981010661
1591981010749
1591981010839
1591981010929
1591981011019
1591981011110
1591981011210
1591981011297
1591981011381
1591981011471
1591981011561
1591981011657
1591981011746
1591981011832
1591981011930
1591981012011
1591981012108
1591981012191
1591981012279
1591981012374
1591981012455
1591981012541
1591981012643
1591981012721
1591981012799
1591981012875
1591981012960
1591981013045
1591981013126
1591981013208
1591981013289
1591981013376
1591981013458
1591981013548
1591981013632
1591981013713
1591981013798
1591981013880
1591981013958
1591981014037
1591981014117
1591981014199
1591981014282
1591981014367
1591981014447
1591981014535
1591981014619
1591981014703
1591981014783
1591981014867
1591981014951
1591981015029
1591981015111
1591981015192
1591981015273
1591981015352
1591981015434
1591981015521
1591981015599
1591981015680
1591981015762
1591981015842
1591981015921
1591981016000
1591981016082
1591981016162
1591981016245
1591981016325
1591981016406
1591981016489
1591981016573
1591981016656
1591981016740
1591981016819
1591981016901
1591981016976
1591981017057
1591981017139
1591981017216
1591981017303
1591981017378
1591981017462
1591981017546
1591981017627
1591981017711
1591981017790
1591981017875
1591981017957
1591981018037
1591981018120
1591981018202
1591981018285
1591981018367
1591981018455
1591981018536
1591981018616
1591981018702
1591981018783
1591981018865
1591981018948
1591981019039
1591981019128
1591981019218
1591981019309
1591981019399
1591981019488
1591981019577
1591981019675
1591981019759
1591981019842
1591981019918
1591981020007
1591981020083
1591981020163
1591981020243
1591981020329
1591981020425
1591981020503
1591981020593
1591981020687
1591981020773
1591981020851
1591981020935
1591981021021
1591981021106
1591981021192
1591981021278
1591981021366
1591981021457
1591981021533
1591981021623
1591981021722
1591981021812
1591981021898
1591981021996
1591981022083
1591981022173
1591981022263
1591981022352
1591981022438
1591981022524
1591981022624
1591981022714
1591981022802
1591981022890
1591981022974
1591981023059
1591981023151
1591981023240
1591981023328
1591981023416
1591981023498
1591981023581
1591981023664
1591981023743
1591981023824
1591981023910
1591981023993
1591981024078
1591981024159
1591981024242
1591981024325
1591981024407
1591981024491
1591981024573
1591981024653
1591981024735
1591981024815
1591981024896
1591981024976
1591981025058
1591981025138
1591981025223
1591981025307
1591981025390
1591981025473
1591981025554
1591981025632
1591981025712
1591981025797
1591981025882
1591981025969
1591981026049
1591981026131
1591981026217
1591981026296
1591981026383
1591981026471
1591981026553
1591981026638
1591981026723
1591981026812
1591981026899
1591981026981
1591981027065
1591981027145
1591981027231
1591981027310
1591981027386
1591981027469
1591981027551
1591981027630
1591981027707
1591981027791
1591981027872
1591981027956
1591981028037
1591981028116
1591981028196
1591981028278
1591981028359
1591981028442
1591981028523
1591981028603
1591981028684
1591981028769
1591981028853
1591981028933
1591981029016
1591981029100
1591981029181
1591981029259
1591981029343
1591981029426
1591981029511
1591981029593
1591981029674
1591981029751
1591981029829
1591981029913
1591981029997
1591981030078
1591981030160
1591981030245
1591981030325
1591981030408
1591981030488
1591981030566
1591981030647
1591981030727
1591981030808
1591981030891
1591981030972
1591981031057
1591981031136
1591981031218
1591981031300
1591981031384
1591981031467
1591981031549
1591981031628
1591981031709
1591981031788
1591981031868
1591981031954
1591981032035
1591981032116
1591981032195
1591981032279
1591981032360
1591981032443
1591981032527
1591981032606
1591981032686
1591981032765
1591981032848
1591981032933
1591981033010
1591981033089
1591981033172
1591981033256
1591981033338
1591981033421
1591981033505
1591981033587
1591981033667
1591981033748
1591981033832
1591981034425
1591981034506
1591981034589
1591981034667
1591981034752
1591981035333
1591981035416
1591981035500
1591981035585
1591981035667
1591981035750
1591981035837
1591981035922
1591981035998
1591981036080
1591981036164
1591981036246
1591981036323
1591981036405
1591981036485
1591981036566
1591981036642
1591981036727
1591981036806
1591981036886
1591981036964
1591981037043
1591981037123
1591981037202
1591981037287
1591981037369
1591981037451
1591981037533
1591981037615
1591981037696
1591981037783
1591981037865
1591981037948
1591981038028
1591981038115
1591981038197
1591981038281
1591981038365
1591981038448
1591981038530
1591981038613
1591981038695
1591981038776
1591981038861
1591981038945
1591981039024
1591981039104
1591981039183
1591981039264
1591981039347
1591981039428
1591981039508
1591981039589
1591981040186
1591981040269
1591981040355
1591981040438
1591981040512
1591981040600
1591981040676
1591981040759
1591981040837
1591981040917
1591981041001
1591981041086
1591981041166
1591981041253
1591981041336
1591981041418
1591981041497
1591981041578
1591981041658
1591981041740
1591981041821
1591981041913
1591981042005
1591981042083
1591981042163
1591981042246
1591981042326
1591981042408
1591981042488
1591981042570
1591981042655
1591981042733
1591981042817
1591981042897
1591981042974
1591981043057
1591981043140
1591981043221
1591981043304
1591981043387
1591981043468
1591981043548
1591981043629
1591981043709
1591981043792
1591981043873
1591981043953
1591981044038
1591981044119
1591981044201
1591981044287
1591981044368
1591981044453
1591981044535
1591981044617
1591981044703
1591981044789
1591981044867
1591981044949
1591981045027
1591981045108
1591981045189
1591981045269
1591981045352
1591981045433
1591981045515
1591981045599
1591981045684
1591981045767
1591981045849
1591981045935
1591981046018
1591981046101
1591981046182
1591981046264
1591981046348
1591981046433
1591981046513
1591981046596
1591981046682
1591981046764
1591981046845
1591981046922
1591981047002
1591981047082
1591981047166
1591981047246
1591981047328
1591981047407
1591981047489
1591981047570
1591981047651
1591981047732
1591981047813
1591981047895
1591981047972
1591981048053
1591981048132
1591981048211
1591981048290
1591981048372
1591981048455
1591981048531
1591981048617
1591981048703
1591981048795
1591981048868
1591981048954
1591981049037
1591981049117
1591981049208
1591981049282
1591981049362
1591981049441
1591981049525
1591981049606
1591981049691
1591981049769
1591981049855
1591981049933
1591981050014
1591981050088
1591981050174
1591981050256
1591981050336
1591981050419
1591981050499
1591981050582
1591981050668
1591981050747
1591981050819
1591981050905
1591981050987
1591981051069
1591981051148
1591981051226
1591981051309
1591981051386
1591981051470
1591981051569
1591981051657
1591981051749
1591981051838
1591981051925
1591981052002
1591981052107
1591981052198
1591981052268
1591981052366
