1591980813495
1591980813569
1591980813647
1591980813729
1591980813806
1591980813888
1591980813969
1591980814050
1591980814128
1591980814205
1591980814282
1591980814359
1591980814440
1591980814518
1591980814604
1591980814685
1591980814764
1591980814842
1591980814923
1591980815010
1591980815090
1591980815174
1591980815258
1591980815341
1591980815424
1591980815507
1591980815588
1591980815671
1591980815755
1591980815835
1591980815914
1591980815999
1591980816079
1591980816165
1591980816249
1591980816332
1591980816412
1591980816494
1591980816575
1591980816664
1591980816756
1591980816837
1591980816917
1591980816999
1591980817080
1591980817162
1591980817240
1591980817325
1591980817396
1591980817474
1591980817556
1591980817638
1591980817721
1591980817805
1591980817882
1591980817960
1591980818042
1591980818119
1591980818198
1591980818274
1591980818357
1591980818440
1591980818522
1591980818602
1591980818685
1591980818767
1591980818850
1591980818938
1591980819398
1591980819482
1591980819566
1591980819648
1591980819726
1591980819811
1591980819894
1591980819976
1591980820059
1591980820147
1591980820228
1591980820311
1591980820394
1591980820478
1591980820560
1591980820639
1591980820721
1591980820806
1591980820888
1591980820968
1591980821048
1591980821140
1591980821216
1591980821298
1591980821381
1591980821462
1591980821546
1591980821626
1591980821708
1591980821789
1591980821871
1591980821954
1591980822034
1591980822115
1591980822200
1591980822280
1591980822358
1591980822435
1591980822518
1591980822593
1591980822675
1591980822754
1591980822833
1591980822913
1591980822993
1591980823070
1591980823152
1591980823229
1591980823304
1591980823381
1591980823460
1591980823539
1591980823619
1591980823696
1591980823772
1591980823852
1591980823928
1591980824006
1591980824082
1591980824160
1591980824237
1591980824314
1591980824390
1591980824467
1591980824543
1591980824619
1591980824697
1591980824776
1591980824855
1591980824932
1591980825008
1591980825086
1591980825162
1591980825237
1591980825311
1591980825391
1591980825468
1591980825546
1591980825623
1591980825703
1591980825779
1591980825855
1591980825930
1591980826010
1591980826089
1591980826164
1591980826238
1591980826313
1591980826391
1591980826468
1591980826543
1591980826623
1591980826698
1591980826775
1591980826850
1591980826928
1591980827001
1591980827078
1591980827155
1591980827235
1591980827313
1591980827393
1591980827468
1591980827545
1591980827627
1591980827704
1591980827778
1591980827855
1591980827931
1591980828010
1591980828085
1591980828164
1591980828240
1591980828321
1591980828397
1591980828476
1591980828551
1591980828630
1591980828708
1591980828786
1591980828859
1591980828934
1591980829013
1591980829098
1591980829186
1591980829263
1591980829343
1591980829419
1591980829500
1591980829582
1591980829657
1591980829738
1591980829818
1591980829894
1591980829973
1591980830055
1591980830138
1591980830216
1591980830294
1591980830375
1591980830454
1591980830533
1591980830611
1591980830688
1591980830762
1591980830843
1591980830921
1591980831002
1591980831083
1591980831168
1591980831259
1591980831336
1591980831422
1591980831509
1591980831597
1591980831686
1591980831778
1591980831860
1591980831943
1591980832024
1591980832101
1591980832183
1591980832264
1591980832343
1591980832421
1591980832508
1591980832595
1591980832675
1591980832759
1591980832853
1591980832928
1591980833003
1591980833075
1591980833157
1591980833234
1591980833315
1591980833390
1591980833471
1591980833546
1591980833626
1591980833704
1591980833781
1591980833858
1591980833939
1591980834015
1591980834095
1591980834168
1591980834246
1591980834327
1591980834402
1591980834483
1591980834561
1591980834641
1591980834715
1591980834786
1591980834861
1591980834938
1591980835016
1591980835093
1591980835172
1591980835253
1591980835334
1591980835415
1591980835493
1591980835572
1591980835650
1591980835725
1591980835802
1591980835884
1591980835960
1591980836039
1591980836120
1591980836201
1591980836283
1591980836363
1591980836443
1591980836524
1591980836602
1591980836684
1591980836761
1591980836840
1591980836916
1591980836995
1591980837074
1591980837154
1591980837234
1591980837313
1591980837393
1591980837471
1591980837556
1591980837642
1591980837723
1591980837804
1591980837887
1591980837966
1591980838050
1591980838133
1591980838216
1591980838296
1591980838375
1591980838472
1591980838539
1591980838615
1591980838694
1591980838770
1591980838848
1591980838932
1591980839017
1591980839095
1591980839180
1591980839271
1591980839349
1591980839437
1591980839534
1591980839624
1591980839713
1591980839800
1591980839892
1591980839970
1591980840054
1591980840140
1591980840237
1591980840325
1591980840410
1591980840497
1591980840584
1591980840671
1591980840753
1591980840828
1591980840916
1591980841013
1591980841103
1591980841189
1591980841276
1591980841365
1591980841449
1591980841538
1591980841626
1591980841714
1591980841792
1591980841876
1591980841965
1591980842051
1591980842138
1591980842221
1591980842302
1591980842381
1591980842466
1591980842564
1591980842641
1591980842727
1591980842811
1591980842897
1591980842985
1591980843074
1591980843165
1591980843253
1591980843346
1591980843432
1591980843518
1591980843602
1591980843691
1591980843780
1591980843865
1591980843954
1591980844043
1591980844135
1591980844215
1591980844304
1591980844388
1591980844477
1591980844568
1591980844657
1591980844745
1591980844828
1591980844911
1591980845422
1591980845501
1591980845580
1591980845660
1591980845740
1591980845820
1591980845899
1591980845978
1591980846059
1591980846140
1591980846225
1591980846308
1591980846386
1591980846466
1591980846547
1591980846631
1591980846713
1591980846794
1591980846878
1591980846956
1591980847036
1591980847114
1591980847196
1591980847274
1591980847355
1591980847434
1591980847513
1591980847591
1591980847674
1591980847757
1591980847836
1591980847922
1591980848004
1591980848086
1591980848166
1591980848246
1591980848329
1591980848410
1591980848484
1591980848561
1591980848644
1591980848720
1591980848801
1591980848889
1591980848965
1591980849041
1591980849120
1591980849198
1591980849282
1591980849361
1591980849440
1591980849516
1591980849595
1591980849674
1591980849755
1591980849830
1591980849916
1591980849995
1591980850074
1591980850153
1591980850229
1591980850306
1591980850385
1591980850465
1591980850542
1591980850620
1591980850700
1591980850774
1591980850854
1591980850932
1591980851007
1591980851086
1591980851163
1591980851241
1591980851324
1591980851403
1591980851480
1591980851561
1591980851643
1591980851722
1591980851800
1591980851879
1591980851963
1591980852044
1591980852119
1591980852201
1591980852283
1591980852360
1591980852446
1591980852524
1591980852605
1591980852682
1591980852762
1591980852841
1591980852919
1591980852998
1591980853078
1591980853156
1591980853232
1591980853315
1591980853390
1591980853471
1591980853550
1591980853631
1591980853709
1591980853786
1591980853865
1591980853944
1591980854022
1591980854106
1591980854190
1591980854272
1591980854355
1591980854433
1591980854508
1591980854589
1591980854665
1591980854744
1591980854822
1591980854903
1591980854983
1591980855064
1591980855146
1591980855231
1591980855312
1591980855394
1591980855475
1591980855552
1591980855630
1591980855711
1591980855783
1591980855862
1591980855939
1591980856016
1591980856095
1591980856170
1591980856247
1591980856331
1591980856407
1591980856484
1591980856559
1591980856636
1591980856711
1591980856789
1591980856859
1591980856936
1591980857013
1591980857090
1591980857163
1591980857235
1591980857314
1591980857389
1591980857460
1591980857533
1591980857606
1591980857676
1591980857746
1591980857822
1591980857895
1591980857970
1591980858040
1591980858109
1591980858180
1591980858253
1591980858326
1591980858400
1591980858475
1591980858551
1591980858625
1591980858698
1591980858775
1591980858849
1591980858921
1591980858999
1591980859071
1591980859147
1591980859225
1591980859296
1591980859374
1591980859448
1591980859522
1591980859602
1591980859679
1591980859757
1591980859837
1591980859915
1591980859996
1591980860074
1591980860149
1591980860227
1591980860302
1591980860378
1591980860457
1591980860529
1591980860611
1591980860687
1591980860764
1591980860836
1591980860912
1591980860989
1591980861066
1591980861140
1591980861215
1591980861287
1591980861365
1591980861442
1591980861521
1591980861602
1591980861678
1591980861756
1591980861835
1591980861921
1591980862004
1591980862079
1591980862160
1591980862236
1591980862311
1591980862393
1591980862471
1591980862552
1591980862628
1591980862705
1591980862772
1591980862845
1591980862919
1591980862992
1591980863069
1591980863147
1591980863227
1591980863306
1591980863379
1591980863452
1591980863528
1591980863602
1591980863676
1591980863749
1591980863827
1591980863903
1591980863977
1591980864053
1591980864129
1591980864203
1591980864277
1591980864350
1591980864432
1591980864511
1591980864591
1591980864670
1591980864750
1591980864831
1591980864907
1591980864986
1591980865065
1591980865147
1591980865374
1591980865459
1591980865528
1591980865611
1591980865691
1591980865772
1591980865848
1591980865927
1591980866007
1591980866086
1591980866164
1591980866237
1591980866319
1591980866396
1591980866473
1591980866551
1591980866632
1591980866709
1591980866794
1591980866871
1591980866953
1591980867032
1591980867110
1591980867201
1591980867268
1591980867349
1591980867428
1591980867510
1591980867592
1591980867668
1591980867746
1591980867820
1591980867896
1591980867972
1591980868047
1591980868131
1591980868205
1591980868288
1591980868363
1591980868440
1591980868517
1591980868592
1591980868667
1591980868744
1591980868826
1591980868900
1591980868979
1591980869059
1591980869138
1591980869217
1591980869298
1591980869374
1591980869453
1591980869533
1591980869610
1591980869690
1591980869773
1591980869851
1591980869932
1591980870011
1591980870083
1591980870159
1591980870244
1591980870326
1591980870404
1591980870483
1591980870561
1591980870643
1591980870723
1591980870800
1591980870876
1591980870959
1591980871046
1591980871138
1591980871227
1591980871312
1591980871400
1591980871479
1591980871577
1591980872154
1591980872237
1591980872323
1591980872391
1591980872477
1591980872569
1591980872657
1591980872734
1591980872828
1591980872922
1591980873010
1591980873097
1591980873184
1591980873271
1591980873348
1591980873438
1591980873524
1591980873610
1591980873696
1591980873786
1591980873875
1591980873965
1591980874048
1591980874140
1591980874217
1591980874307
1591980874392
1591980874480
1591980874564
1591980874651
1591980874739
1591980874827
1591980874911
1591980874997
1591980875086
1591980875175
1591980875262
1591980875346
1591980875427
1591980875518
1591980875602
1591980875685
1591980875768
1591980875847
1591980875931
1591980876018
1591980876103
1591980876191
1591980876278
1591980876368
1591980876454
1591980876549
1591980876636
1591980876714
1591980876795
1591980876883
1591980876975
1591980877063
1591980877149
1591980877248
1591980877343
1591980877429
1591980877517
1591980877603
1591980877689
1591980877783
1591980877868
1591980877952
1591980878046
1591980878129
1591980878220
1591980878311
1591980878400
1591980878488
1591980878582
1591980878660
1591980878751
1591980878840
1591980878929
1591980879020
1591980879106
1591980879187
1591980879279
1591980879360
1591980879454
1591980879547
1591980879636
1591980879726
1591980879810
1591980879904
1591980879996
1591980880078
1591980880166
1591980880247
1591980880333
1591980880415
1591980880494
1591980880577
1591980880657
1591980880737
1591980880820
1591980880903
1591980880989
1591980881067
1591980881150
1591980881235
1591980881318
1591980881401
1591980881483
1591980881565
1591980881644
1591980881723
1591980881803
1591980881885
1591980881963
1591980882042
1591980882131
1591980882224
1591980882308
1591980882388
1591980882470
1591980882547
1591980882628
1591980882708
1591980882789
1591980882879
1591980882971
1591980883062
1591980883157
1591980883245
1591980883331
1591980883425
1591980883514
1591980883600
1591980883690
1591980883771
1591980883861
1591980883950
1591980884053
1591980884140
1591980884226
1591980884316
1591980884404
1591980884496
1591980884589
1591980884677
1591980884744
1591980884831
1591980884925
1591980885007
1591980885088
1591980885168
1591980885248
1591980885330
1591980885410
1591980885508
1591980885586
1591980885669
1591980885756
1591980885849
1591980885922
1591980886016
1591980886098
1591980886187
1591980886276
1591980886362
