1591980916140
1591980916205
1591980916286
1591980916370
1591980916454
1591980916535
1591980916615
1591980916699
1591980916778
1591980916863
1591980916942
1591980917022
1591980917106
1591980917184
1591980917268
1591980917352
1591980917434
1591980917514
1591980917593
1591980917671
1591980917756
1591980917833
1591980917919
1591980917997
1591980918076
1591980918154
1591980918237
1591980918318
1591980918395
1591980918467
1591980918544
1591980918616
1591980918699
1591980918782
1591980918859
1591980918937
1591980919013
1591980919090
1591980919168
1591980919247
1591980919326
1591980919402
1591980919483
1591980919561
1591980919642
1591980919719
1591980919802
1591980919881
1591980919965
1591980920043
1591980920124
1591980920202
1591980920284
1591980920365
1591980920448
1591980920533
1591980920609
1591980920689
1591980920770
1591980920851
1591980920929
1591980921012
1591980921094
1591980921180
1591980921262
1591980921346
1591980921427
1591980921506
1591980921587
1591980921673
1591980921756
1591980921840
1591980921925
1591980922011
1591980922096
1591980922184
1591980922269
1591980922348
1591980922431
1591980922513
1591980922591
1591980922666
1591980922749
1591980922828
1591980922908
1591980922991
1591980923079
1591980923170
1591980923262
1591980923354
1591980923452
1591980923545
1591980923636
1591980923728
1591980923827
1591980923905
1591980923996
1591980924087
1591980924177
1591980924274
1591980924356
1591980924457
1591980924546
1591980924631
1591980924717
1591980924807
1591980924892
1591980924984
1591980925069
1591980925161
1591980925256
1591980925331
1591980925412
1591980925496
1591980925574
1591980925655
1591980925736
1591980925817
1591980925905
1591980925996
1591980926087
1591980926187
1591980926276
1591980926359
1591980926450
1591980926548
1591980926635
1591980926726
1591980926808
1591980926896
1591980926987
1591980927078
1591980927171
1591980927252
1591980927344
1591980927434
1591980927535
1591980927627
1591980927718
1591980927811
1591980927902
1591980927994
1591980928086
1591980928177
1591980928269
1591980928362
1591980928463
1591980928556
1591980928644
1591980928729
1591980928825
1591980928915
1591980929011
1591980929110
1591980929206
1591980929307
1591980929407
1591980929507
1591980929605
1591980929706
1591980929822
1591980929903
1591980930000
1591980930101
1591980930198
1591980930298
1591980930398
1591980930498
1591980930596
1591980930695
1591980930780
1591980930872
1591980930971
1591980931076
1591980931168
1591980931262
1591980931361
1591980931457
1591980931551
1591980931646
1591980931742
1591980931847
1591980931930
1591980932031
1591980932122
1591980932220
1591980932311
1591980932404
1591980932496
1591980932588
1591980932683
1591980932779
1591980932866
1591980932971
1591980933051
1591980933139
1591980933227
1591980933323
1591980933412
1591980933499
1591980933590
1591980933684
1591980933774
1591980933866
1591980933957
1591980934043
1591980934133
1591980934222
1591980934312
1591980934415
1591980934510
1591980934608
1591980934705
1591980934795
1591980934875
1591980934962
1591980935054
1591980935145
1591980935231
1591980935318
1591980935407
1591980935497
1591980935589
1591980935680
1591980935774
1591980935862
1591980935944
1591980936032
1591980936120
1591980936203
1591980936292
1591980936383
1591980936476
1591980936567
1591980936659
1591980936747
1591980936834
1591980936921
1591980937008
1591980937097
1591980937190
1591980937280
1591980937369
1591980937461
1591980937547
1591980937635
1591980937727
1591980937808
1591980937898
1591980937985
1591980938072
1591980938163
1591980938250
1591980938338
1591980938426
1591980938513
1591980938599
1591980938685
1591980938774
1591980938860
1591980938948
1591980939037
1591980939125
1591980939217
1591980939309
1591980939394
1591980939486
1591980939574
1591980939661
1591980939746
1591980939837
1591980939922
1591980940011
1591980940102
1591980940191
1591980940280
1591980940367
1591980940453
1591980940545
1591980940635
1591980940725
1591980940814
1591980940902
1591980940991
1591980941077
1591980941170
1591980941258
1591980941353
1591980941444
1591980941533
1591980941618
1591980941707
1591980941795
1591980941883
1591980941975
1591980942059
1591980942146
1591980942231
1591980942319
1591980942408
1591980942496
1591980942581
1591980942670
1591980942759
1591980942847
1591980942935
1591980943023
1591980943111
1591980943204
1591980943297
1591980943383
1591980943475
1591980943563
1591980943651
1591980943744
1591980943828
1591980943915
1591980944004
1591980944096
1591980944182
1591980944273
1591980944365
1591980944452
1591980944543
1591980944638
1591980944733
1591980944821
1591980944909
1591980944999
1591980945085
1591980945171
1591980945260
1591980945353
1591980945441
1591980945532
1591980945620
1591980945710
1591980945793
1591980945880
1591980945965
1591980946054
1591980946139
1591980946225
1591980946314
1591980946396
1591980946484
1591980946568
1591980946653
1591980946738
1591980946824
1591980946912
1591980947001
1591980947086
1591980947178
1591980947261
1591980947342
1591980947429
1591980947516
1591980947600
1591980947687
1591980947770
1591980947854
1591980947942
1591980948028
1591980948113
1591980948192
1591980948283
1591980948368
1591980948456
1591980948538
1591980948627
1591980948713
1591980948804
1591980948887
1591980948967
1591980949049
1591980949130
1591980949215
1591980949306
1591980949391
1591980949472
1591980949558
1591980949642
1591980949729
1591980949811
1591980949896
1591980949980
1591980950068
1591980950157
1591980950245
1591980950333
1591980950423
1591980950509
1591980950597
1591980950687
1591980950780
1591980950876
1591980950971
1591980951070
1591980951160
1591980951253
1591980951350
1591980951455
1591980951541
1591980951633
1591980951728
1591980951813
1591980951906
1591980951999
1591980952096
1591980952190
1591980952285
1591980952381
1591980952470
1591980952566
1591980952658
1591980952753
1591980952847
1591980952937
1591980953021
1591980953117
1591980953214
1591980953310
1591980953396
1591980953499
1591980953599
1591980953680
1591980953777
1591980953875
1591980953966
1591980954055
1591980954148
1591980954228
1591980954315
1591980954400
1591980954489
1591980954576
1591980954661
1591980954749
1591980954833
1591980954917
1591980955003
1591980955091
1591980955177
1591980955268
1591980955358
1591980955448
1591980955528
1591980955618
1591980955702
1591980955793
1591980955882
1591980955967
1591980956054
1591980956148
1591980956234
1591980956323
1591980956414
1591980956498
1591980956583
1591980956671
1591980956758
1591980956842
1591980956931
1591980957019
1591980957106
1591980957195
1591980957282
1591980957373
1591980957458
1591980957548
1591980957634
1591980957720
1591980957806
1591980957891
1591980957978
1591980958065
1591980958155
1591980958244
1591980958335
1591980958426
1591980958509
1591980958592
1591980958678
1591980958770
1591980958849
1591980958927
1591980959010
1591980959100
1591980959189
1591980959280
1591980959374
1591980959456
1591980959550
1591980959624
1591980959719
1591980959795
1591980959876
1591980959962
1591980960046
1591980960133
1591980960222
1591980960311
1591980960403
1591980960490
1591980960582
1591980960676
1591980960764
1591980960848
1591980960934
1591980961027
1591980961107
1591980961192
1591980961282
1591980961377
1591980961457
1591980961540
1591980961623
1591980961705
1591980961789
1591980961874
1591980961959
1591980962044
1591980962141
1591980962228
1591980962312
1591980962410
1591980962495
1591980962578
1591980962670
1591980962755
1591980962842
1591980962921
1591980963018
1591980963106
1591980963194
1591980963277
1591980963352
1591980963446
1591980963537
1591980963618
1591980963707
1591980963792
1591980963873
1591980963952
1591980964039
1591980964133
1591980964220
1591980964307
1591980964388
1591980964473
1591980964567
1591980964660
1591980964747
1591980964839
1591980964920
1591980965008
1591980965102
1591980965183
1591980965260
1591980965351
1591980965440
1591980965527
1591980965603
1591980965680
1591980965763
1591980965847
1591980965926
1591980966009
1591980966087
1591980966170
1591980966252
1591980966330
1591980966409
1591980966490
1591980966571
1591980966652
1591980966731
1591980966815
1591980966894
1591980966973
1591980967052
1591980967135
1591980967217
1591980967300
1591980967381
1591980967460
1591980967540
1591980967621
1591980967710
1591980967787
1591980967867
1591980967948
1591980968029
1591980968111
1591980968184
1591980968267
1591980968347
1591980968426
1591980968505
1591980968583
1591980968665
1591980968745
1591980968829
1591980968908
1591980968987
1591980969066
1591980969148
1591980969235
1591980969313
1591980969393
1591980969470
1591980969552
1591980969632
1591980969715
1591980969800
1591980969882
1591980969959
1591980970037
1591980970117
1591980970200
1591980970280
1591980970359
1591980970441
1591980970518
1591980970598
1591980970675
1591980970751
1591980970829
1591980970910
1591980970992
1591980971078
1591980971157
1591980971234
1591980971313
1591980971394
1591980971469
1591980971541
1591980971619
1591980971701
1591980971781
1591980971858
1591980971936
1591980972011
1591980972088
1591980972167
1591980972250
1591980972328
1591980972405
1591980972484
1591980972559
1591980972633
1591980972703
1591980972774
1591980972850
1591980972930
1591980973015
1591980973085
1591980973161
1591980973239
1591980973320
1591980973399
