1591980529760
1591980529837
1591980529912
1591980529988
1591980530066
1591980530144
1591980530220
1591980530298
1591980530371
1591980530451
1591980530528
1591980530612
1591980530695
1591980530778
1591980530863
1591980530950
1591980531018
1591980531095
1591980531174
1591980531250
1591980531331
1591980531400
1591980531476
1591980531560
1591980531629
1591980531703
1591980531782
1591980531857
1591980531931
1591980532005
1591980532078
1591980532154
1591980532227
1591980532294
1591980532367
1591980532444
1591980532512
1591980532581
1591980532649
1591980532720
1591980532787
1591980532866
1591980532923
1591980532991
1591980533064
1591980533129
1591980533198
1591980533275
1591980533345
1591980533413
1591980533486
1591980533562
1591980533630
1591980533694
1591980533762
1591980533824
1591980533893
1591980533961
1591980534027
1591980534096
1591980534165
1591980534241
1591980534314
1591980534383
1591980534452
1591980534523
1591980534588
1591980534652
1591980534717
1591980534782
1591980534851
1591980534918
1591980534988
1591980535057
1591980535129
1591980535193
1591980535260
1591980535334
1591980535400
1591980535470
1591980535545
1591980535613
1591980535683
1591980535758
1591980535833
1591980535903
1591980535972
1591980536047
1591980536118
1591980536190
1591980536267
1591980536332
1591980536407
1591980536477
1591980536550
1591980536621
1591980536693
1591980536769
1591980536842
1591980536919
1591980536987
1591980537061
1591980537135
1591980537210
1591980537290
1591980537352
1591980537425
1591980537502
1591980537577
1591980537649
1591980537718
1591980537789
1591980537866
1591980537934
1591980538003
1591980538078
1591980538151
1591980538223
1591980538295
1591980538363
1591980538440
1591980538508
1591980538583
1591980538656
1591980538729
1591980538804
1591980538877
1591980538947
1591980539018
1591980539093
1591980539172
1591980539252
1591980539333
1591980539409
1591980539489
1591980539569
1591980539649
1591980539732
1591980539808
1591980539897
1591980539970
1591980540046
1591980540126
1591980540200
1591980540270
1591980540343
1591980540412
1591980540479
1591980540552
1591980540625
1591980540700
1591980540773
1591980540854
1591980540929
1591980541000
1591980541075
1591980541149
1591980541222
1591980541296
1591980541366
1591980541442
1591980541526
1591980541596
1591980541672
1591980541751
1591980541825
1591980541897
1591980541969
1591980542045
1591980542118
1591980542188
1591980542256
1591980542331
1591980542405
1591980542479
1591980542556
1591980542630
1591980542703
1591980542776
1591980542845
1591980542918
1591980542997
1591980543072
1591980543145
1591980543216
1591980543291
1591980543362
1591980543439
1591980543508
1591980543582
1591980543656
1591980543726
1591980543800
1591980543878
1591980543949
1591980544020
1591980544092
1591980544171
1591980544243
1591980544313
1591980544384
1591980544459
1591980544534
1591980544538
1591980544671
1591980544744
1591980544814
1591980544887
1591980544958
1591980545031
1591980545104
1591980545173
1591980545252
1591980545324
1591980545395
1591980545466
1591980545539
1591980545614
1591980545686
1591980545758
1591980545830
1591980545909
1591980545975
1591980546050
1591980546122
1591980546196
1591980546266
1591980546340
1591980546409
1591980546488
1591980546555
1591980546627
1591980546702
1591980546775
1591980546846
1591980546920
1591980546992
1591980547062
1591980547138
1591980547214
1591980547286
1591980547358
1591980547432
1591980547508
1591980547582
1591980547656
1591980547730
1591980547803
1591980547879
1591980547957
1591980548027
1591980548099
1591980548173
1591980548248
1591980548318
1591980548387
1591980548460
1591980548530
1591980548603
1591980548685
1591980548749
1591980548821
1591980548898
1591980548976
1591980549065
1591980549147
1591980549221
1591980549301
1591980549372
1591980549443
1591980549519
1591980549599
1591980549686
1591980549752
1591980549826
1591980549897
1591980549966
1591980550039
1591980550107
1591980550182
1591980550256
1591980550338
1591980550398
1591980550475
1591980550553
1591980550623
1591980550696
1591980550769
1591980550843
1591980550912
1591980550985
1591980551052
1591980551121
1591980551193
1591980551266
1591980551344
1591980551412
1591980551486
1591980551558
1591980551628
1591980551702
1591980551773
1591980551847
1591980551922
1591980551996
1591980552069
1591980552143
1591980552215
1591980552291
1591980552361
1591980552433
1591980552505
1591980552577
1591980552648
1591980552720
1591980552790
1591980552861
1591980552933
1591980553008
1591980553078
1591980553151
1591980553228
1591980553298
1591980553372
1591980553442
1591980553514
1591980553585
1591980553659
1591980553734
1591980553808
1591980553881
1591980553951
1591980554023
1591980554098
1591980554172
1591980554240
1591980554309
1591980554383
1591980554458
1591980554533
1591980554602
1591980554674
1591980554747
1591980554820
1591980554894
1591980554966
1591980555037
1591980555109
1591980555180
1591980555257
1591980555323
1591980555397
1591980555471
1591980555547
1591980555621
1591980555688
1591980555762
1591980555835
1591980555910
1591980555982
1591980556052
1591980556128
1591980556208
1591980556291
1591980556357
1591980556431
1591980556499
1591980557085
1591980557162
1591980557232
1591980557305
1591980557381
1591980557454
1591980557527
1591980557597
1591980557673
1591980557744
1591980557822
1591980557902
1591980557992
1591980558071
1591980558151
1591980558229
1591980558298
1591980558368
1591980558443
1591980558517
1591980558595
1591980558674
1591980558752
1591980558840
1591980558918
1591980558992
1591980559057
1591980559136
1591980559210
1591980559275
1591980559346
1591980559419
1591980559490
1591980559561
1591980559632
1591980559704
1591980559779
1591980559853
1591980559925
1591980559996
1591980560066
1591980560139
1591980560211
1591980560284
1591980560357
1591980560431
1591980560503
1591980560575
1591980560645
1591980560719
1591980560797
1591980560863
1591980560945
1591980561016
1591980561087
1591980561161
1591980561227
1591980561297
1591980561370
1591980561438
1591980561517
1591980561585
1591980561659
1591980561731
1591980561801
1591980561874
1591980561950
1591980562018
1591980562090
1591980562172
1591980562241
1591980562324
1591980562386
1591980562461
1591980562537
1591980562606
1591980562687
1591980562760
1591980562827
1591980562894
1591980562972
1591980563042
1591980563113
1591980563180
1591980563251
1591980563323
1591980563390
1591980563468
1591980563540
1591980563612
1591980563682
1591980563753
1591980563829
1591980563902
1591980563976
1591980564045
1591980564114
1591980564186
1591980564258
1591980564329
1591980564397
1591980564473
1591980564540
1591980564614
1591980564685
1591980564758
1591980564829
1591980564906
1591980564973
1591980565048
1591980565118
1591980565191
1591980565265
1591980565343
1591980565416
1591980565487
1591980565562
1591980565638
1591980565713
1591980565785
1591980565856
1591980565928
1591980566003
1591980566073
1591980566148
1591980566219
1591980566293
1591980566368
1591980566443
1591980566525
1591980566591
1591980566667
1591980566736
1591980566808
1591980566878
1591980566952
1591980567025
1591980567095
1591980567168
1591980567243
1591980567321
1591980567393
1591980567465
1591980567540
1591980567613
1591980567689
1591980567764
1591980567839
1591980567912
1591980567989
1591980568062
1591980568137
1591980568211
1591980568287
1591980568354
1591980568426
1591980568500
1591980568571
1591980568643
1591980568715
1591980568789
1591980568863
1591980568933
1591980569007
1591980569083
1591980569156
1591980569230
1591980569306
1591980569381
1591980569458
1591980569530
1591980569598
1591980569672
1591980569744
1591980569816
1591980569889
1591980569960
1591980570034
1591980570106
1591980570180
1591980570256
1591980570333
1591980570400
1591980570469
1591980570543
1591980570614
1591980570689
1591980570762
1591980570833
1591980570905
1591980570977
1591980571058
1591980571127
1591980571199
1591980571272
1591980571350
1591980571420
1591980571489
1591980571558
1591980571629
1591980571698
1591980571770
1591980571842
1591980571922
1591980571990
1591980572063
1591980572131
1591980572208
1591980572281
1591980572353
1591980572426
1591980572503
1591980572576
1591980572649
1591980572722
1591980572794
1591980572868
1591980572942
1591980573012
1591980573080
1591980573152
1591980573223
1591980573294
1591980573364
1591980573437
1591980573513
1591980573584
1591980573658
1591980573740
1591980573807
1591980573885
1591980573952
1591980574024
1591980574102
1591980574168
1591980574238
1591980574314
1591980574386
1591980574462
1591980574529
1591980574594
1591980574664
1591980574740
1591980574817
1591980574893
1591980574966
1591980575040
1591980575113
1591980575184
1591980575253
1591980575324
1591980575395
1591980575467
1591980575535
1591980575600
1591980575671
1591980575744
1591980575818
1591980575889
1591980575959
1591980576033
1591980576105
1591980576178
1591980576248
1591980576327
1591980576399
1591980576476
1591980576549
1591980576621
1591980576693
1591980576764
1591980576839
1591980576913
1591980576982
1591980577056
1591980577127
1591980577197
1591980577269
1591980577342
1591980577415
1591980577499
1591980577562
1591980577635
1591980577711
1591980577783
1591980577855
1591980577925
1591980577995
1591980578062
1591980578136
1591980578210
1591980578283
1591980578353
1591980578421
1591980578501
1591980578568
1591980578641
1591980578714
1591980578789
1591980578861
1591980578940
1591980579011
1591980579081
1591980579155
1591980579227
1591980579299
1591980579370
1591980579440
1591980579516
1591980579584
1591980579653
1591980579724
1591980579802
1591980579871
1591980579943
1591980580014
1591980580083
1591980580159
1591980580232
1591980580304
1591980580378
1591980580450
1591980580533
1591980580598
1591980580666
1591980580740
1591980580812
1591980580885
1591980580959
1591980581029
1591980581101
1591980581175
1591980581245
1591980581315
1591980581385
1591980581461
1591980581532
1591980581605
1591980581677
1591980581747
1591980581826
1591980582329
1591980582332
1591980582336
1591980582339
1591980582404
1591980582476
1591980582559
1591980582630
1591980582707
1591980582778
1591980582851
1591980582931
1591980583018
1591980583098
1591980583166
1591980583239
1591980583314
1591980583382
1591980583455
1591980583528
1591980583602
1591980583673
1591980583748
1591980583820
1591980583890
1591980583962
1591980584039
1591980584112
1591980584185
1591980584259
1591980584331
1591980584398
1591980584479
1591980584550
1591980584623
1591980584696
1591980584771
1591980584844
1591980584916
1591980584985
1591980585056
1591980585130
1591980585203
1591980585272
1591980585341
1591980585411
1591980585491
1591980585556
1591980585633
1591980585705
1591980585775
1591980585847
1591980585921
1591980585994
1591980586063
1591980586135
1591980586211
1591980586281
1591980586357
1591980586431
1591980586507
1591980586578
1591980586651
1591980586720
1591980586795
1591980586869
1591980586947
1591980587020
1591980587096
1591980587170
1591980587253
1591980587327
1591980587389
1591980587461
1591980587539
1591980587610
1591980587678
1591980587755
1591980587826
1591980587901
1591980587976
1591980588048
1591980588124
1591980588196
1591980588279
1591980588346
1591980588417
1591980588485
1591980588567
1591980588631
1591980588702
1591980588775
1591980588852
1591980588927
1591980588999
1591980589073
1591980589147
1591980589219
1591980589294
1591980589365
1591980589440
1591980589514
1591980589581
1591980589655
1591980589729
1591980589803
1591980589878
1591980589946
1591980590021
1591980590089
1591980590160
1591980590235
1591980590316
1591980590378
1591980590455
1591980590525
1591980590593
1591980590667
1591980590743
1591980590815
1591980590887
1591980590959
1591980591032
1591980591103
1591980591177
1591980591251
1591980591318
1591980591392
1591980591468
1591980591538
1591980591609
1591980591680
1591980591755
1591980591828
1591980591903
1591980591975
1591980592050
1591980592124
1591980592198
1591980592271
1591980592341
1591980592407
1591980592484
1591980592555
1591980592626
1591980592694
1591980592764
1591980592836
1591980592905
1591980592977
1591980593058
1591980593146
1591980593219
1591980593293
1591980593364
1591980593433
1591980593510
1591980593582
1591980593655
1591980593727
1591980593793
1591980593866
1591980593939
1591980594016
1591980594084
1591980594154
1591980594230
1591980594302
1591980594371
1591980594440
1591980594521
1591980594589
1591980594659
1591980594734
1591980594811
1591980594884
1591980594952
1591980595025
1591980595102
1591980595175
1591980595246
1591980595319
1591980595392
1591980595462
1591980595536
1591980595611
1591980595678
1591980595747
1591980595824
1591980595898
1591980595972
1591980596045
1591980596117
1591980596188
1591980596260
1591980596335
1591980596410
1591980596482
1591980596554
1591980596628
1591980596705
1591980596781
1591980596854
1591980596925
1591980597000
1591980597069
1591980597145
1591980597219
1591980597295
1591980597365
1591980597439
1591980597517
1591980597592
1591980597666
1591980597738
1591980597811
1591980597884
1591980597954
1591980598028
1591980598104
1591980598174
1591980598246
1591980598321
1591980598391
1591980598466
1591980598537
1591980598612
1591980598684
1591980598760
1591980598827
1591980598896
1591980598965
1591980599034
1591980599105
1591980599177
1591980599246
1591980599321
1591980599395
1591980599465
1591980599536
1591980599604
1591980599678
1591980599754
1591980599827
1591980599903
1591980599979
1591980600049
1591980600123
1591980600198
1591980600273
1591980600354
1591980600426
1591980600505
1591980600575
1591980600649
1591980600725
1591980600799
1591980600868
1591980600936
1591980601006
1591980601073
1591980601141
1591980601206
1591980601278
1591980601344
1591980601412
1591980601484
1591980601551
1591980601621
1591980601691
1591980601759
1591980601833
1591980601908
1591980601980
1591980602046
1591980602120
1591980602188
1591980602258
1591980602333
1591980602404
1591980602475
